%SDOCK result for the docking work: (with explict water)
   Protein A: static ../ALK1/box2.pdb
   Protein B: mobile ../ALK1/fraglib/preprocessed/pre_Tp_6p2nA_0259.pdb
%rotation sampling file: ../SDOCK2.0-restrict/so3layer_648.qua
%weights of score terms (collision, electrostatic, desolvation, water, induction, bbNHB, bbOHB):   0.200   1.400   0.600   1.000   4.000   1.000   7.000
%cluster file: ../ALK1/dockresult/ALK1box2_6p2nA_0259
%cluster number: 10
%cluster radius: 1.300
%cluster no MIRMSD  |    rota     x       y      z    |     score:collision  vdw     ele     sol     wat     ind     hbN     hbO
1     1       0.000 |     136   7.200   3.600  -2.400 |   -19.888:   3.000 -18.936  -0.788   3.024  -2.025  -0.031  -0.113   0.000
2     1       0.000 |     329   3.600   2.400  -2.400 |   -19.296:   2.000 -18.954  -0.110   3.973  -1.813  -0.093   0.000  -0.112
3     1       0.000 |     537  -2.400   1.200  -1.200 |   -19.256:   3.000 -16.378  -0.406  -1.200  -1.726  -0.116   0.000   0.000
4     1       0.000 |     423   3.600   2.400  -1.200 |   -19.202:   1.000 -18.047   0.165   0.945  -1.511  -0.160  -0.000  -0.000
5     1       0.000 |     430  -4.800   3.600  -2.400 |   -18.973:   4.000 -19.050  -0.536   4.112  -1.894  -0.136  -0.000   0.000
6     1       0.000 |     458  -1.200  -1.200   1.200 |   -18.902:   5.000 -20.703   0.182   5.412  -1.640  -0.000  -0.038  -0.146
7     1       0.000 |     108   0.000  -2.400  -2.400 |   -18.798:   0.000 -17.053   0.121   1.323  -0.746  -0.094  -0.010  -0.225
8     1       0.000 |     166   2.400   3.600  -2.400 |   -18.759:   0.000 -19.521   0.323   3.764  -1.749  -0.050  -0.000  -0.000
9     1       0.000 |     359  -6.000   2.400  -2.400 |   -18.747:   4.000 -18.689   0.191   1.870  -1.276  -0.017  -0.117  -0.112
10    1       0.000 |     208   1.200   2.400  -2.400 |   -18.722:   0.000 -19.792  -0.339   5.629  -1.830  -0.001   0.000   0.000
