%SDOCK result for the docking work: (with explict water)
   Protein A: static ../ALK1/box2.pdb
   Protein B: mobile ../ALK1/fraglib/preprocessed/pre_Tp_6rjcA_0324.pdb
%rotation sampling file: ../SDOCK2.0-restrict/so3layer_648.qua
%weights of score terms (collision, electrostatic, desolvation, water, induction, bbNHB, bbOHB):   0.200   1.400   0.600   1.000   4.000   1.000   7.000
%cluster file: ../ALK1/dockresult/ALK1box2_6rjcA_0324
%cluster number: 10
%cluster radius: 1.300
%cluster no MIRMSD  |    rota     x       y      z    |     score:collision  vdw     ele     sol     wat     ind     hbN     hbO
1     1       0.000 |     270  -2.400   0.000   0.000 |   -27.166:   4.000 -19.906   0.143  -9.914  -2.078  -0.059  -0.000   0.000
1     2       1.200 |     270  -3.600   0.000   0.000 |   -26.074:   8.000 -20.426   0.001  -7.954  -2.086  -0.097  -0.000   0.000
2     1       0.000 |      27  -3.600   1.200  -1.200 |   -26.916:   3.000 -18.481  -0.234  -9.635  -1.695  -0.081  -0.121  -0.112
2     2       1.200 |      27  -2.400   1.200  -1.200 |   -25.722:   4.000 -18.609  -0.251  -7.793  -1.692  -0.047  -0.219  -0.112
3     1       0.000 |      27  -2.400   1.200  -2.400 |   -26.718:   0.000 -19.059  -0.704  -7.164  -1.207  -0.012  -0.334  -0.112
3     2       1.200 |      27  -1.200   1.200  -2.400 |   -25.748:   0.000 -19.524  -0.451  -5.319  -1.395   0.000  -0.219  -0.112
4     1       0.000 |     224   0.000   1.200  -2.400 |   -26.436:   1.000 -21.244  -0.421  -4.712  -1.307  -0.085  -0.330   0.000
4     2       1.200 |     224  -1.200   1.200  -2.400 |   -25.651:  -0.000 -20.309  -0.589  -4.038  -1.304  -0.116  -0.327   0.000
5     1       0.000 |      27  -1.200   1.200  -1.200 |   -25.929:   4.000 -19.156  -0.375  -8.451  -1.891  -0.021  -0.004   0.000
6     1       0.000 |     529   2.400  -6.000  -2.400 |   -25.904:   6.000 -22.516  -0.390  -1.234  -1.755  -0.182  -0.030  -0.113
7     1       0.000 |     296  -1.200   2.400  -2.400 |   -25.556:  -0.000 -20.996  -0.459  -2.531  -1.345  -0.038  -0.112  -0.113
8     1       0.000 |     314   0.000  -1.200  -1.200 |   -25.514:   0.000 -20.428   0.002  -5.565  -1.750   0.000  -0.000   0.000
9     1       0.000 |     296   0.000   3.600  -2.400 |   -25.244:   3.000 -22.285  -0.277  -2.265  -1.812  -0.000   0.000  -0.000
10    1       0.000 |     405  -6.000   7.200  -3.600 |   -25.139:  12.000 -23.683  -0.492   0.011  -1.080  -0.026  -0.112  -0.268
