%SDOCK result for the docking work: (with explict water)
   Protein A: static ../ALK1/box1.pdb
   Protein B: mobile ../ALK1/fraglib/preprocessed/pre_Tp_6p2nA_0259.pdb
%rotation sampling file: ../SDOCK2.0-restrict/so3layer_648.qua
%weights of score terms (collision, electrostatic, desolvation, water, induction, bbNHB, bbOHB):   0.200   1.400   0.600   1.000   4.000   1.000   7.000
%cluster file: ../ALK1/dockresult/ALK1box1_6p2nA_0259
%cluster number: 10
%cluster radius: 1.300
%cluster no MIRMSD  |    rota     x       y      z    |     score:collision  vdw     ele     sol     wat     ind     hbN     hbO
1     1       0.000 |     534   1.200   0.000   0.000 |   -23.912:   0.000 -27.735   0.434  14.169  -1.829  -0.000  -0.008  -0.493
1     2       1.200 |     534   0.000   0.000   0.000 |   -22.995:   4.000 -27.233  -0.066  15.734  -1.779   0.000  -0.019  -0.587
2     1       0.000 |     470   1.200   0.000   0.000 |   -23.721:   3.000 -30.463  -0.107  17.933  -3.258  -0.006  -0.004  -0.169
3     1       0.000 |     211   1.200  -2.400  -1.200 |   -23.669:   3.000 -29.458   0.411  20.913  -1.672  -0.069  -0.299  -0.813
4     1       0.000 |     262   1.200   0.000   0.000 |   -22.947:   4.000 -30.349   0.744  19.926  -3.182  -0.000  -0.135  -0.440
5     1       0.000 |     537  -2.400   2.400   0.000 |   -22.921:   5.000 -28.040  -0.043  13.939  -3.410   0.000  -0.000  -0.111
6     1       0.000 |     263   4.800   0.000  -1.200 |   -22.720:   0.000 -26.960   0.310  12.421  -2.733  -0.000  -0.000  -0.131
7     1       0.000 |     532   0.000   2.400   0.000 |   -22.715:   1.000 -28.611   0.067  17.074  -2.546   0.000  -0.039  -0.294
8     1       0.000 |     460  -6.000   1.200  -1.200 |   -22.691:   0.000 -27.641   0.439  14.566  -3.295   0.000  -0.195  -0.131
9     1       0.000 |     604   2.400   1.200  -1.200 |   -22.640:   3.000 -29.175   0.095  18.570  -2.920  -0.000  -0.076  -0.335
10    1       0.000 |     629   2.400   1.200  -1.200 |   -22.453:   4.000 -28.785  -0.411  19.565  -2.421   0.000  -0.223  -0.427
