%SDOCK result for the docking work: (with explict water)
   Protein A: static ../ALK1/box2.pdb
   Protein B: mobile ../ALK1/fraglib/preprocessed/pre_Tp_3ljkA_0226.pdb
%rotation sampling file: ../SDOCK2.0-restrict/so3layer_648.qua
%weights of score terms (collision, electrostatic, desolvation, water, induction, bbNHB, bbOHB):   0.200   1.400   0.600   1.000   4.000   1.000   7.000
%cluster file: ../ALK1/dockresult/ALK1box2_3ljkA_0226
%cluster number: 10
%cluster radius: 1.300
%cluster no MIRMSD  |    rota     x       y      z    |     score:collision  vdw     ele     sol     wat     ind     hbN     hbO
1     1       0.000 |     421   3.600   2.400  -2.400 |   -24.207:   0.000 -22.145   0.987  -0.933  -2.295  -0.147   0.000  -0.000
1     2       1.200 |     421   4.800   2.400  -2.400 |   -24.025:   3.000 -22.754   0.590   0.917  -2.365  -0.221   0.000  -0.000
1     3       1.200 |     421   2.400   2.400  -2.400 |   -23.545:   1.000 -21.465   0.533   0.549  -2.325  -0.061  -0.000  -0.112
2     1       0.000 |     432   2.400   1.200  -2.400 |   -24.185:  10.000 -19.265  -1.114  -3.283  -2.506  -0.024  -0.000  -0.113
3     1       0.000 |     384   1.200   2.400  -2.400 |   -23.472:   1.000 -23.689  -0.154   4.822  -2.181  -0.120  -0.000  -0.000
4     1       0.000 |      82   6.000   1.200  -2.400 |   -23.147:  10.000 -19.928  -0.452  -1.443  -2.743  -0.048  -0.000  -0.112
5     1       0.000 |      43   3.600   3.600  -2.400 |   -22.577:   5.000 -23.663  -0.266   6.377  -2.352  -0.254   0.000  -0.000
6     1       0.000 |     563  -1.200  -2.400  -1.200 |   -22.450:   1.000 -20.892   0.323   2.817  -2.228  -0.024  -0.000  -0.225
7     1       0.000 |      82   1.200   1.200  -2.400 |   -22.377:   4.000 -21.122  -1.104   4.083  -1.987  -0.216  -0.107  -0.000
8     1       0.000 |     510  -2.400  -2.400   0.000 |   -22.371:   0.000 -21.920   0.771   1.415  -2.136  -0.044  -0.067   0.000
9     1       0.000 |     419   2.400   1.200  -2.400 |   -22.176:  18.000 -21.347  -0.500  -2.602  -2.015  -0.038  -0.000   0.000
10    1       0.000 |     646  -1.200  -1.200   0.000 |   -21.983:   5.000 -23.371   0.022   5.729  -2.052  -0.060   0.000  -0.113
