%SDOCK result for the docking work: (with explict water)
   Protein A: static ../ALK1/box1.pdb
   Protein B: mobile ../ALK1/fraglib/preprocessed/pre_Tp_6rjcA_0324.pdb
%rotation sampling file: ../SDOCK2.0-restrict/so3layer_648.qua
%weights of score terms (collision, electrostatic, desolvation, water, induction, bbNHB, bbOHB):   0.200   1.400   0.600   1.000   4.000   1.000   7.000
%cluster file: ../ALK1/dockresult/ALK1box1_6rjcA_0324
%cluster number: 10
%cluster radius: 1.300
%cluster no MIRMSD  |    rota     x       y      z    |     score:collision  vdw     ele     sol     wat     ind     hbN     hbO
1     1       0.000 |     141   0.000   0.000   0.000 |   -34.963:   3.000 -34.149   0.059   7.802  -3.489  -0.104  -0.238  -0.290
1     2       1.200 |     141   1.200   0.000   0.000 |   -28.937:   9.000 -32.399   0.231  11.636  -3.132  -0.100  -0.123  -0.284
1     3       1.200 |     141   0.000   1.200   0.000 |   -28.801:   7.000 -29.672   0.065   6.880  -2.886  -0.041  -0.017  -0.240
1     4       1.200 |     141   0.000   0.000  -1.200 |   -28.397:   4.000 -31.247   0.312   7.676  -2.671  -0.039  -0.031  -0.019
2     1       0.000 |     166   0.000   1.200   0.000 |   -31.590:  10.000 -32.910  -0.023   5.407  -3.574  -0.052  -0.060  -0.007
3     1       0.000 |     212  -4.800   2.400  -1.200 |   -30.335:   4.000 -29.209   0.077   2.141  -3.317  -0.000   0.000  -0.000
4     1       0.000 |     141   1.200   0.000  -1.200 |   -29.690:   3.000 -33.002   0.162   9.782  -2.686  -0.113  -0.200  -0.007
5     1       0.000 |     212  -3.600   1.200  -1.200 |   -29.438:   4.000 -28.132   0.052   1.570  -3.121  -0.000  -0.000  -0.000
5     2       1.225 |     211  -3.600   1.200  -1.200 |   -28.278:   4.000 -27.347   0.345   2.518  -3.719   0.000   0.000  -0.001
6     1       0.000 |     211  -4.800   1.200   0.000 |   -28.818:  11.000 -28.913  -0.065   3.400  -4.046   0.000  -0.007   0.000
6     2       1.200 |     211  -4.800   2.400   0.000 |   -28.248:  11.000 -28.776  -0.086   4.131  -4.027  -0.000  -0.003  -0.000
7     1       0.000 |     482  -1.200   1.200  -1.200 |   -28.643:   0.000 -28.263  -0.266   4.820  -2.786   0.000  -0.060  -0.008
8     1       0.000 |     623  -6.000   0.000  -1.200 |   -28.558:   5.000 -29.440  -0.149   6.442  -3.391  -0.096  -0.000  -0.000
9     1       0.000 |     249  -4.800   0.000  -1.200 |   -28.531:   6.000 -28.447  -0.051   3.387  -2.575  -0.000  -0.058  -0.087
10    1       0.000 |     476  -1.200   2.400   0.000 |   -28.035:   5.000 -34.191   0.192  15.315  -3.514  -0.000  -0.102  -0.098
