%SDOCK result for the docking work: (with explict water)
   Protein A: static ../ALK1/box2.pdb
   Protein B: mobile ../ALK1/fraglib/preprocessed/pre_Tp_5a7gA_0218.pdb
%rotation sampling file: ../SDOCK2.0-restrict/so3layer_648.qua
%weights of score terms (collision, electrostatic, desolvation, water, induction, bbNHB, bbOHB):   0.200   1.400   0.600   1.000   4.000   1.000   7.000
%cluster file: ../ALK1/dockresult/ALK1box2_5a7gA_0218
%cluster number: 10
%cluster radius: 1.300
%cluster no MIRMSD  |    rota     x       y      z    |     score:collision  vdw     ele     sol     wat     ind     hbN     hbO
1     1       0.000 |      32   1.200   1.200  -2.400 |   -19.858:  -0.000 -16.031  -0.738  -0.059  -1.694  -0.069   0.000  -0.113
1     2       1.200 |      32   2.400   1.200  -2.400 |   -18.503:   1.000 -15.389  -1.331   0.628  -1.681  -0.037   0.000  -0.000
2     1       0.000 |     329   4.800   1.200  -2.400 |   -19.319:   0.000 -18.585  -0.234   1.586  -1.225  -0.033  -0.000  -0.000
2     2       1.200 |     329   6.000   1.200  -2.400 |   -18.596:   1.000 -18.547  -0.241   2.703  -1.326  -0.052   0.000  -0.000
3     1       0.000 |     420  -6.000   1.200  -2.400 |   -18.960:  -0.000 -19.334  -0.708   6.339  -1.118  -0.248  -0.327  -0.000
3     2       1.200 |     420  -6.000   2.400  -2.400 |   -17.919:   3.000 -19.148  -0.636   6.264  -1.261  -0.133  -0.447  -0.000
4     1       0.000 |     413   4.800   3.600  -2.400 |   -18.820:   7.000 -20.888  -0.258   4.621  -1.322  -0.065  -0.000  -0.023
4     2       1.200 |     413   4.800   2.400  -2.400 |   -18.528:   9.000 -19.340  -0.669   2.647  -1.473  -0.042  -0.000  -0.000
5     1       0.000 |     419   1.200   4.800  -2.400 |   -18.779:   1.000 -23.490  -0.908  13.025  -1.173  -0.018  -0.000  -0.113
6     1       0.000 |     149   3.600   0.000  -2.400 |   -18.485:   0.000 -18.073   0.090   1.494  -1.429  -0.001   0.000  -0.000
6     2       1.200 |     149   3.600   1.200  -2.400 |   -18.439:   1.000 -18.262  -0.156   2.148  -1.406  -0.010   0.000   0.000
7     1       0.000 |     507   2.400   1.200  -2.400 |   -18.305:   3.000 -18.778  -0.413   2.920  -1.215  -0.021   0.000  -0.000
8     1       0.000 |     425   2.400   3.600  -2.400 |   -18.066:   0.000 -19.492   0.088   6.107  -1.812  -0.137   0.000   0.000
9     1       0.000 |     420   7.200   1.200  -2.400 |   -18.051:   0.000 -18.841  -0.635   7.801  -1.160  -0.403  -0.228   0.000
10    1       0.000 |      55   1.200   0.000  -2.400 |   -17.860:   3.000 -18.274  -1.542   5.169  -1.129  -0.000  -0.000   0.000
