%SDOCK result for the docking work: (with explict water)
   Protein A: static ../ALK1/box1.pdb
   Protein B: mobile ../ALK1/fraglib/preprocessed/pre_Tp_5a7gA_0218.pdb
%rotation sampling file: ../SDOCK2.0-restrict/so3layer_648.qua
%weights of score terms (collision, electrostatic, desolvation, water, induction, bbNHB, bbOHB):   0.200   1.400   0.600   1.000   4.000   1.000   7.000
%cluster file: ../ALK1/dockresult/ALK1box1_5a7gA_0218
%cluster number: 10
%cluster radius: 1.300
%cluster no MIRMSD  |    rota     x       y      z    |     score:collision  vdw     ele     sol     wat     ind     hbN     hbO
1     1       0.000 |     328   3.600   1.200  -1.200 |   -22.103:   1.000 -27.807  -0.043  17.084  -2.245  -0.000  -0.145  -0.328
1     2       1.175 |      32   3.600   1.200  -1.200 |   -21.452:   2.000 -27.263   0.120  16.364  -2.479  -0.000  -0.173  -0.275
1     3       0.990 |     329   3.600   1.200  -1.200 |   -20.308:   1.000 -25.033  -0.263  15.217  -2.662  -0.000  -0.119  -0.208
2     1       0.000 |      33   0.000   2.400  -1.200 |   -22.031:   3.000 -29.412  -0.817  17.068  -2.316  -0.000   0.000  -0.000
2     2       1.200 |      33   1.200   2.400  -1.200 |   -21.818:   6.000 -29.465  -0.881  16.455  -2.193   0.000   0.000  -0.000
3     1       0.000 |     353   0.000   1.200   0.000 |   -21.901:   1.000 -27.409   0.115  15.647  -3.008   0.000  -0.000  -0.176
4     1       0.000 |      31  -2.400   2.400  -1.200 |   -21.800:   2.000 -31.132  -0.454  21.626  -3.370  -0.000  -0.000  -0.005
4     2       1.200 |      31  -1.200   2.400  -1.200 |   -20.653:   2.000 -28.553  -0.965  20.647  -3.182   0.000  -0.004  -0.050
5     1       0.000 |     506  -2.400   2.400  -1.200 |   -21.491:   6.000 -27.838  -0.019  15.537  -2.751  -0.000  -0.090  -0.187
6     1       0.000 |     353   6.000   1.200  -1.200 |   -21.384:   0.000 -24.988   0.521  10.506  -2.632  -0.000  -0.008  -0.113
7     1       0.000 |     409   2.400   1.200   0.000 |   -21.002:   7.000 -29.496  -0.890  21.717  -1.927   0.000  -0.266  -0.357
8     1       0.000 |     354  -1.200   1.200  -1.200 |   -20.862:   1.000 -24.195  -0.762  12.985  -2.645  -0.000  -0.003  -0.135
8     2       1.200 |     354   0.000   1.200  -1.200 |   -20.505:   0.000 -26.042  -0.052  14.802  -2.328  -0.000  -0.000  -0.135
9     1       0.000 |     420   3.600   1.200   0.000 |   -20.408:   2.000 -29.411  -0.853  21.798  -1.702  -0.000  -0.049  -0.219
10    1       0.000 |      33   3.600   2.400  -1.200 |   -20.214:   5.000 -27.374  -0.528  15.020  -2.076   0.000   0.000  -0.005
