%SDOCK result for the docking work: (with explict water)
   Protein A: static ../ALK1/box1.pdb
   Protein B: mobile ../ALK1/fraglib/preprocessed/pre_Tp_5jscA_0010.pdb
%rotation sampling file: ../SDOCK2.0-restrict/so3layer_648.qua
%weights of score terms (collision, electrostatic, desolvation, water, induction, bbNHB, bbOHB):   0.200   1.400   0.600   1.000   4.000   1.000   7.000
%cluster file: ../ALK1/dockresult/ALK1box1_5jscA_0010
%cluster number: 10
%cluster radius: 1.300
%cluster no MIRMSD  |    rota     x       y      z    |     score:collision  vdw     ele     sol     wat     ind     hbN     hbO
1     1       0.000 |     252  -3.600   1.200  -1.200 |   -33.375:  -0.000 -30.538  -0.033  -0.029  -2.601  -0.043  -0.000  -0.000
1     2       1.200 |     252  -3.600   1.200   0.000 |   -30.641:   9.000 -30.807   0.034   2.221  -2.678  -0.084   0.000  -0.000
2     1       0.000 |     578   0.000   0.000  -1.200 |   -33.053:   1.000 -32.037  -0.517   7.854  -2.636  -0.099  -0.066  -0.301
2     2       1.200 |     578  -1.200   0.000  -1.200 |   -30.448:   6.000 -30.396  -0.678   6.832  -2.368  -0.093  -0.057  -0.229
3     1       0.000 |     553   0.000   0.000  -1.200 |   -30.732:   7.000 -32.481  -0.192   8.536  -2.365  -0.131  -0.005  -0.230
3     2       1.200 |     553  -1.200   0.000  -1.200 |   -29.684:   7.000 -31.220  -0.176   7.302  -2.348  -0.071  -0.005  -0.194
4     1       0.000 |     391  -2.400   0.000  -1.200 |   -30.085:   1.000 -28.855   0.070   4.418  -2.928  -0.115  -0.000  -0.113
5     1       0.000 |      87  -2.400   1.200  -1.200 |   -29.541:   1.000 -31.791  -0.085  10.039  -3.388  -0.116   0.000  -0.000
6     1       0.000 |      60  -2.400   0.000  -1.200 |   -29.418:   7.000 -30.497  -0.035   4.883  -2.621  -0.086  -0.005  -0.033
7     1       0.000 |     301   0.000   0.000  -1.200 |   -29.245:   2.000 -29.517  -0.150   5.335  -2.716  -0.101   0.000  -0.000
8     1       0.000 |     374  -1.200   0.000  -1.200 |   -29.242:   3.000 -27.766  -0.208   2.957  -2.725  -0.092   0.000  -0.066
9     1       0.000 |     578  -1.200   1.200  -1.200 |   -29.157:   6.000 -28.853  -0.142   3.453  -2.881  -0.037  -0.000  -0.050
10    1       0.000 |      87  -1.200   0.000  -1.200 |   -28.878:   3.000 -31.505   0.221   9.613  -3.057  -0.248  -0.000  -0.000
