%SDOCK result for the docking work: (with explict water)
   Protein A: static ../ALK1/box1.pdb
   Protein B: mobile ../ALK1/fraglib/preprocessed/pre_Tp_5e3xA_0343.pdb
%rotation sampling file: ../SDOCK2.0-restrict/so3layer_648.qua
%weights of score terms (collision, electrostatic, desolvation, water, induction, bbNHB, bbOHB):   0.200   1.400   0.600   1.000   4.000   1.000   7.000
%cluster file: ../ALK1/dockresult/ALK1box1_5e3xA_0343
%cluster number: 10
%cluster radius: 1.300
%cluster no MIRMSD  |    rota     x       y      z    |     score:collision  vdw     ele     sol     wat     ind     hbN     hbO
1     1       0.000 |      58  -4.800   1.200  -1.200 |   -29.736:   4.000 -32.507  -0.046   7.636  -2.238  -0.062   0.000  -0.009
1     2       1.200 |      58  -3.600   1.200  -1.200 |   -26.156:   6.000 -29.479   0.063   6.552  -1.791  -0.026   0.000  -0.000
1     3       1.200 |      58  -4.800   1.200   0.000 |   -24.999:  11.000 -30.751   0.122  10.288  -2.549  -0.061   0.000  -0.000
2     1       0.000 |     118  -3.600   1.200   0.000 |   -28.246:  12.000 -31.781  -0.159   9.563  -3.271  -0.062  -0.085  -0.111
2     2       1.200 |     118  -2.400   1.200   0.000 |   -27.312:   5.000 -29.921  -0.295   9.826  -2.570  -0.081  -0.165  -0.116
2     3       1.200 |     118  -3.600   2.400   0.000 |   -26.676:  17.000 -30.645  -0.027   7.426  -3.578  -0.020   0.000  -0.027
3     1       0.000 |     390  -3.600   0.000  -1.200 |   -27.691:   6.000 -29.081  -0.072   4.856  -2.241  -0.054   0.000  -0.024
4     1       0.000 |     118  -2.400   1.200  -1.200 |   -27.484:   4.000 -29.059  -0.130   6.751  -2.683  -0.052   0.000  -0.029
4     2       1.200 |     118  -2.400   2.400  -1.200 |   -26.515:   5.000 -28.148   0.084   5.620  -2.757  -0.010   0.000  -0.008
5     1       0.000 |     118  -3.600   2.400  -1.200 |   -26.547:   8.000 -27.435  -0.090   4.707  -3.350  -0.001   0.000  -0.008
6     1       0.000 |     118  -2.400   2.400   0.000 |   -26.320:   5.000 -29.314   0.005   8.506  -2.822  -0.025  -0.002  -0.027
7     1       0.000 |     566   6.000   0.000  -2.400 |   -25.556:   0.000 -30.428   0.158   9.717  -1.179  -0.000   0.000  -0.000
8     1       0.000 |     592  -6.000  -1.200  -1.200 |   -25.315:  17.000 -29.018  -0.063   5.973  -2.629  -0.090  -0.000  -0.029
8     2       1.200 |     592  -6.000  -1.200  -2.400 |   -25.076:   3.000 -26.802   0.197   5.079  -1.826  -0.043   0.000  -0.028
8     3       1.200 |     592  -6.000   0.000  -1.200 |   -24.760:   9.000 -26.622   0.014   4.403  -2.504  -0.024   0.000  -0.000
9     1       0.000 |     550  -6.000   1.200  -2.400 |   -24.753:   1.000 -27.598   0.097   9.071  -2.172  -0.000  -0.000  -0.109
10    1       0.000 |     554   0.000   1.200   0.000 |   -24.719:  11.000 -28.975  -0.004   8.910  -2.955   0.000  -0.030  -0.043
