%SDOCK result for the docking work: (with explict water)
   Protein A: static ../ALK1/box2.pdb
   Protein B: mobile ../ALK1/fraglib/preprocessed/pre_Tp_5jscA_0010.pdb
%rotation sampling file: ../SDOCK2.0-restrict/so3layer_648.qua
%weights of score terms (collision, electrostatic, desolvation, water, induction, bbNHB, bbOHB):   0.200   1.400   0.600   1.000   4.000   1.000   7.000
%cluster file: ../ALK1/dockresult/ALK1box2_5jscA_0010
%cluster number: 10
%cluster radius: 1.300
%cluster no MIRMSD  |    rota     x       y      z    |     score:collision  vdw     ele     sol     wat     ind     hbN     hbO
1     1       0.000 |     176  -2.400  -1.200   1.200 |   -26.682:   3.000 -27.041  -0.632   6.971  -1.827  -0.218  -0.005  -0.119
2     1       0.000 |     373  -3.600   0.000  -1.200 |   -24.885:   0.000 -18.583  -0.183  -6.058  -1.384  -0.230  -0.107   0.000
2     2       1.200 |     373  -4.800   0.000  -1.200 |   -24.599:   4.000 -18.579  -0.135  -6.508  -1.603  -0.280  -0.005   0.000
2     3       1.200 |     373  -3.600   0.000  -2.400 |   -24.417:   1.000 -19.467  -0.024  -3.856  -1.001  -0.228  -0.104  -0.112
2     4       1.200 |     373  -2.400   0.000  -1.200 |   -23.713:   1.000 -18.457  -0.251  -4.758  -1.453  -0.171  -0.111   0.000
3     1       0.000 |     617  -1.200  -1.200  -1.200 |   -24.629:   0.000 -19.274   0.058  -5.885  -1.500  -0.074  -0.111   0.000
3     2       1.200 |     617   0.000  -1.200  -1.200 |   -23.988:   2.000 -18.441  -0.219  -6.163  -1.758  -0.020  -0.107   0.000
4     1       0.000 |     588  -6.000  -1.200  -1.200 |   -24.426:  13.000 -18.954  -0.202  -6.832  -2.297  -0.151  -0.000  -0.112
4     2       1.200 |     588  -6.000   0.000  -1.200 |   -23.965:  14.000 -18.594  -0.121  -6.645  -2.089  -0.285  -0.000  -0.112
5     1       0.000 |     494   2.400   0.000  -1.200 |   -24.257:  20.000 -20.315  -0.269  -6.799  -2.566  -0.033  -0.000  -0.113
6     1       0.000 |     362  -2.400   0.000  -1.200 |   -24.244:   0.000 -18.665  -0.070  -5.215  -1.157  -0.297  -0.008  -0.000
7     1       0.000 |     617   0.000  -1.200   0.000 |   -24.197:  11.000 -20.259  -0.098  -6.716  -1.831  -0.035   0.000   0.000
8     1       0.000 |     398   0.000   1.200  -2.400 |   -23.727:   3.000 -21.283   0.220  -1.774  -1.465  -0.205  -0.005   0.000
9     1       0.000 |     577  -4.800   0.000  -2.400 |   -23.574:   3.000 -17.422  -0.400  -4.576  -1.641  -0.200  -0.219  -0.113
10    1       0.000 |     263   0.000  -1.200  -1.200 |   -23.557:   9.000 -20.256  -0.242  -4.896  -1.255  -0.084   0.000  -0.034
