%SDOCK result for the docking work: (with explict water)
   Protein A: static ../ALK1/box2.pdb
   Protein B: mobile ../ALK1/fraglib/preprocessed/pre_Tp_5e3xA_0343.pdb
%rotation sampling file: ../SDOCK2.0-restrict/so3layer_648.qua
%weights of score terms (collision, electrostatic, desolvation, water, induction, bbNHB, bbOHB):   0.200   1.400   0.600   1.000   4.000   1.000   7.000
%cluster file: ../ALK1/dockresult/ALK1box2_5e3xA_0343
%cluster number: 10
%cluster radius: 1.300
%cluster no MIRMSD  |    rota     x       y      z    |     score:collision  vdw     ele     sol     wat     ind     hbN     hbO
1     1       0.000 |      94  -2.400   2.400  -2.400 |   -26.310:   0.000 -21.368  -0.422  -2.000  -1.595  -0.192  -0.000  -0.113
1     2       1.200 |      94  -3.600   2.400  -2.400 |   -24.923:   1.000 -20.151  -0.125  -3.444  -1.323  -0.155  -0.000  -0.112
1     3       1.200 |      94  -2.400   1.200  -2.400 |   -24.345:   0.000 -18.418  -0.566  -3.129  -1.233  -0.112  -0.000  -0.225
2     1       0.000 |      94  -2.400   1.200  -1.200 |   -26.274:   6.000 -22.093  -0.616  -3.636  -1.766  -0.143  -0.000   0.000
2     2       1.200 |      94  -1.200   1.200  -1.200 |   -25.125:   4.000 -21.045  -0.340  -2.926  -1.745  -0.226  -0.000  -0.000
2     3       1.289 |     118  -2.400   1.200  -1.200 |   -24.725:   5.000 -20.181  -0.438  -4.585  -1.626  -0.139   0.000   0.000
3     1       0.000 |     455  -3.600   1.200  -1.200 |   -25.855:   5.000 -20.656  -0.210  -4.949  -1.623  -0.328  -0.000   0.000
3     2       1.200 |     455  -4.800   1.200  -1.200 |   -25.469:   6.000 -20.365  -0.026  -5.852  -1.734  -0.256  -0.000   0.000
3     3       1.200 |     455  -2.400   1.200  -1.200 |   -24.768:   7.000 -20.248  -0.275  -3.407  -1.623  -0.270  -0.000  -0.112
4     1       0.000 |     419  -4.800   1.200  -1.200 |   -25.613:   3.000 -21.099   0.275  -4.584  -1.666  -0.270   0.000  -0.000
5     1       0.000 |     346  -2.400   2.400  -2.400 |   -25.404:   9.000 -23.536  -0.193  -0.463  -0.597  -0.237   0.000  -0.225
5     2       1.200 |     346  -1.200   2.400  -2.400 |   -25.093:   5.000 -25.183  -0.058   1.818  -0.363  -0.192   0.000  -0.113
6     1       0.000 |     332   0.000   1.200  -1.200 |   -25.336:   3.000 -22.035  -0.285  -3.594  -1.346  -0.000  -0.000   0.000
7     1       0.000 |     321  -2.400   1.200  -1.200 |   -24.919:   4.000 -19.788  -0.558  -5.139  -1.248  -0.008  -0.000  -0.112
8     1       0.000 |      47  -6.000   1.200   0.000 |   -24.342:  20.000 -23.287   0.108  -2.711  -2.153  -0.357  -0.000   0.000
9     1       0.000 |      94  -1.200   1.200  -2.400 |   -24.264:   0.000 -19.125  -0.376  -1.574  -1.319  -0.194  -0.000  -0.225
10    1       0.000 |     536  -3.600   1.200  -1.200 |   -24.213:  12.000 -19.995  -0.135  -4.966  -1.652  -0.055   0.000  -0.225
