%SDOCK result for the docking work: (with explict water)
   Protein A: static ../ALK1/box1.pdb
   Protein B: mobile ../ALK1/fraglib/preprocessed/pre_Tp_3ljkA_0226.pdb
%rotation sampling file: ../SDOCK2.0-restrict/so3layer_648.qua
%weights of score terms (collision, electrostatic, desolvation, water, induction, bbNHB, bbOHB):   0.200   1.400   0.600   1.000   4.000   1.000   7.000
%cluster file: ../ALK1/dockresult/ALK1box1_3ljkA_0226
%cluster number: 10
%cluster radius: 1.300
%cluster no MIRMSD  |    rota     x       y      z    |     score:collision  vdw     ele     sol     wat     ind     hbN     hbO
1     1       0.000 |     510  -1.200   0.000  -1.200 |   -29.928:   1.000 -30.256  -0.486   7.571  -3.084  -0.116   0.000  -0.026
2     1       0.000 |     455  -1.200   1.200   0.000 |   -28.790:   9.000 -32.987   0.182  12.131  -4.676  -0.000  -0.066  -0.056
2     2       1.200 |     455  -1.200   1.200  -1.200 |   -27.921:   6.000 -31.078   0.104   9.662  -3.986  -0.000   0.000   0.000
3     1       0.000 |      94  -1.200   1.200  -1.200 |   -28.118:   1.000 -28.809  -0.128   9.742  -3.845  -0.000  -0.050  -0.183
3     2       1.200 |      94   0.000   1.200  -1.200 |   -27.448:   9.000 -31.711  -0.298  12.870  -3.482  -0.000  -0.105  -0.179
3     3       1.200 |      94  -1.200   0.000  -1.200 |   -26.594:   3.000 -28.326  -0.323  12.607  -3.344  -0.000  -0.211  -0.346
4     1       0.000 |     154  -1.200   0.000  -1.200 |   -27.477:   0.000 -28.842  -0.867  12.874  -2.963  -0.000  -0.156  -0.290
5     1       0.000 |     511  -1.200   1.200   0.000 |   -27.384:  17.000 -31.516  -0.179  11.932  -4.647  -0.107  -0.000  -0.157
6     1       0.000 |     166  -2.400   1.200  -1.200 |   -26.898:   9.000 -29.405  -0.720  11.493  -3.901  -0.000  -0.000  -0.183
7     1       0.000 |     179   1.200   0.000  -1.200 |   -26.763:   2.000 -34.112  -0.252  21.264  -2.689  -0.000  -0.030  -0.391
8     1       0.000 |     455   0.000   1.200  -1.200 |   -26.677:  10.000 -30.230  -0.268  10.717  -3.921  -0.000   0.000  -0.083
9     1       0.000 |     574  -3.600   1.200  -1.200 |   -26.578:   4.000 -28.277   0.434   7.083  -3.918  -0.000  -0.000  -0.006
10    1       0.000 |     521  -1.200   1.200   0.000 |   -26.493:  16.000 -29.682   0.012   8.076  -4.302  -0.121  -0.002  -0.012
